88 2
0 0 1
0 0 1
-1 -1
0 0 1
0 0 1
-1 -1
0 0 1
0 0 1
-1 -1
0 0 1
0 0 1
-1 -1
0 0 1
0 0 1
8 23
0 0 1
0 0 1
19 7
0 0 1
0 0 1
29 23
0 0 1
0 0 1
6 2
0 0 1
0 0 1
-1 -1
0 0 1
0 0 1
-1 -1
0 0 1
0 0 1
-1 -1
0 0 1
-1 0 1
23 15
0 0 1
0 0 1
-1 -1
0 0 1
0 0 1
-1 -1
0 0 1
0 0 1
-1 -1
0 0 1
0 0 1
-1 -1
0 0 1
0 0 1
-1 -1
0 0 1
0 0 1
-1 -1
0 0 1
0 0 1
0 10
0 0 1
0 0 1
-1 -1
0 0 1
0 0 1
16 29
0 0 1
0 0 1
-1 -1
0 0 1
-1 0 1
18 24
0 0 1
0 0 1
-1 -1
0 0 1
0 0 1
-1 -1
0 0 1
0 0 1
-1 -1
0 0 1
0 0 1
-1 -1
0 0 1
0 0 1
-1 -1
0 0 1
0 0 1
-1 -1
1 0 1
0 0 1
-1 -1
0 0 1
0 0 1
-1 -1
0 0 1
0 0 1
2 22
0 0 1
0 0 1
12 16
0 0 1
-1 0 1
-1 -1
0 0 1
0 0 1
-1 -1
0 0 1
0 0 1
-1 -1
0 0 1
0 0 1
27 14
0 0 1
0 1 1
-1 -1
0 1 1
0 0 1
-1 -1
0 0 1
0 0 1
-1 -1
0 0 1
0 0 1
-1 -1
0 0 1
0 0 1
-1 -1
0 0 1
0 0 1
-1 -1
0 0 1
0 0 1
5 7
0 0 1
-1 0 1
24 1
0 0 1
0 0 1
-1 -1
0 0 1
0 0 1
1 19
0 0 1
0 0 1
8 5
0 0 1
0 0 1
-1 -1
0 0 1
0 0 1
-1 -1
0 0 1
0 0 1
18 14
0 0 1
0 0 1
-1 -1
0 0 1
0 0 1
-1 -1
0 0 1
0 0 1
-1 -1
0 0 1
0 0 1
-1 -1
0 0 1
-1 0 1
23 16
0 0 1
0 0 1
-1 -1
0 0 1
0 0 1
-1 -1
1 0 1
0 0 1
-1 -1
0 0 1
0 1 1
-1 -1
0 0 1
0 0 1
-1 -1
0 0 1
0 0 1
11 28
0 0 1
0 0 1
-1 -1
0 0 1
0 0 1
-1 -1
0 0 1
0 0 1
-1 -1
0 0 1
0 0 1
-1 -1
0 0 1
-1 0 1
-1 -1
0 0 1
0 0 1
-1 -1
0 0 1
0 0 1
-1 -1
0 0 1
0 0 1
-1 -1
0 0 1
0 0 1
-1 -1
0 0 1
0 0 1
-1 -1
0 0 1
0 0 1
17 0
0 1 1
0 0 1
9 12
0 0 1
0 0 1
-1 -1
0 0 1
0 0 1
3 22
0 0 1
0 0 1
-1 -1
0 0 1
-1 0 1
12 15
0 0 1
0 0 1
-1 -1
0 0 1
0 0 1
27 9
0 0 1
0 0 1
-1 -1
0 0 1
0 0 1
-1 -1
0 0 1
0 0 1
-1 -1
0 0 1
0 0 1
-1 -1
0 0 1
0 0 1
-1 -1
0 0 1
0 0 1
6 1
0 0 1
0 0 1
-1 -1
1 0 0
0 0 0
-1 -1
500
