30 2
0 0 1
0 0 1
-1 -1
0 0 1
0 0 1
-1 -1
0 0 1
0 0 1
-1 -1
0 0 1
0 0 1
-1 -1
0 0 1
0 0 1
-1 -1
0 0 1
0 0 1
-1 -1
0 0 1
0 0 1
-1 -1
0 0 1
0 0 1
16 11
0 0 1
0 0 1
-1 -1
0 0 1
0 0 1
-1 -1
0 0 1
0 0 1
-1 -1
0 0 1
0 0 1
18 3
0 0 1
0 0 1
-1 -1
0 0 1
0 0 1
-1 -1
0 0 1
0 0 1
9 9
0 0 1
0 0 1
-1 -1
0 0 1
0 0 1
-1 -1
0 0 1
0 0 1
-1 -1
0 0 1
0 0 1
-1 -1
0 0 1
0 0 1
-1 -1
0 0 1
0 0 1
-1 -1
0 0 1
0 0 1
-1 -1
0 0 1
0 0 1
23 19
0 0 1
0 0 1
-1 -1
0 0 1
0 0 1
21 29
0 0 1
0 0 1
21 28
0 0 1
0 0 1
-1 -1
0 0 1
0 0 1
1 6
0 0 1
0 0 1
-1 -1
0 0 0
0 0 0
-1 -1
100
